%YAML:1.0
R: !!opencv-matrix
   rows: 3
   cols: 3
   dt: d
   data: [ 9.9999971623988204e-01, -1.1180555221358224e-04,
       7.4499642548757166e-04, 1.1264552832765582e-04,
       9.9999935797803197e-01, -1.1275435729423060e-03,
       -7.4486988155168831e-04, 1.1276271735063564e-03,
       9.9999908681249161e-01 ]
T: !!opencv-matrix
   rows: 3
   cols: 1
   dt: d
   data: [ -2.9164174623450961e-01, -1.6602736021760116e-03,
       -5.5657695366368755e-03 ]
R1: !!opencv-matrix
   rows: 3
   cols: 3
   dt: d
   data: [ 9.9978789498510456e-01, 5.6014530668390076e-03,
       1.9818899182186503e-02, -5.5902467397409197e-03,
       9.9998418175337911e-01, -6.2079337439179102e-04,
       -1.9822063026902346e-02, 5.0986916446539663e-04,
       9.9980339359835768e-01 ]
R2: !!opencv-matrix
   rows: 3
   cols: 3
   dt: d
   data: [ 9.9980175002066773e-01, 5.6917244338315970e-03,
       1.9080485543606817e-02, -5.7025114259399903e-03,
       9.9998360999684877e-01, 5.1098053533209415e-04,
       -1.9077264453990470e-02, -6.1968592027642584e-04,
       9.9981782039045120e-01 ]
P1: !!opencv-matrix
   rows: 3
   cols: 4
   dt: d
   data: [ 1.6333793783988659e+02, 0., 1.3000152015686035e+02, 0., 0.,
       1.6333793783988659e+02, 1.1891034603118896e+02, 0., 0., 0., 1.,
       0. ]
P2: !!opencv-matrix
   rows: 3
   cols: 4
   dt: d
   data: [ 1.6333793783988659e+02, 0., 1.3000152015686035e+02,
       -4.7645607158602786e+01, 0., 1.6333793783988659e+02,
       1.1891034603118896e+02, 0., 0., 0., 1., 0. ]
Q: !!opencv-matrix
   rows: 4
   cols: 4
   dt: d
   data: [ 1., 0., 0., -1.3000152015686035e+02, 0., 1., 0.,
       -1.1891034603118896e+02, 0., 0., 0., 1.6333793783988659e+02, 0.,
       0., 3.4281846235302855e+00, 0. ]
