<?xml version="1.0"?>
<opencv_storage>
<imagelist>
"imgsrc0_0001524.BMP"
"imgsrc1_0001524.BMP"
"imgsrc0_0001604.BMP"
"imgsrc1_0001604.BMP"
"imgsrc0_0001665.BMP"
"imgsrc1_0001665.BMP"
"imgsrc0_0001676.BMP"
"imgsrc1_0001676.BMP"
"imgsrc0_0001730.BMP"
"imgsrc1_0001730.BMP"
"imgsrc0_0001878.BMP"
"imgsrc1_0001878.BMP"
"imgsrc0_0001879.BMP"
"imgsrc1_0001879.BMP"
"imgsrc0_0001933.BMP"
"imgsrc1_0001933.BMP"
"imgsrc0_0001934.BMP"
"imgsrc1_0001934.BMP"
"imgsrc0_0001952.BMP"
"imgsrc1_0001952.BMP"
"imgsrc0_0001953.BMP"
"imgsrc1_0001953.BMP"
"imgsrc0_0001998.BMP"
"imgsrc1_0001998.BMP"
"imgsrc0_0002007.BMP"
"imgsrc1_0002007.BMP"
"imgsrc0_0002054.BMP"
"imgsrc1_0002054.BMP"
</imagelist>
</opencv_storage>

