%YAML:1.0
M1: !!opencv-matrix
   rows: 3
   cols: 3
   dt: d
   data: [ 1.7369444130617887e+02, 0., 1.3607621797940061e+02, 0.,
       1.7369444130617887e+02, 1.1866302109552879e+02, 0., 0., 1. ]
D1: !!opencv-matrix
   rows: 1
   cols: 8
   dt: d
   data: [ -1.1612640604216632e-02, 2.3609764879132172e-02, 0., 0., 0.,
       0., 0., 1.6853370594300695e-02 ]
M2: !!opencv-matrix
   rows: 3
   cols: 3
   dt: d
   data: [ 1.7369444130617887e+02, 0., 1.3828066013937769e+02, 0.,
       1.7369444130617887e+02, 1.1889833413808545e+02, 0., 0., 1. ]
D2: !!opencv-matrix
   rows: 1
   cols: 8
   dt: d
   data: [ -1.1805102637517554e-02, 1.2638808410854139e-02, 0., 0., 0.,
       0., 0., 4.0163479823460690e-03 ]
