%YAML:1.0
M1: !!opencv-matrix
   rows: 3
   cols: 3
   dt: d
   data: [ 1.6449272178686028e+03, 0., 6.7742322275576964e+02, 0.,
       1.6449272178686028e+03, 4.9293280279105085e+02, 0., 0., 1. ]
D1: !!opencv-matrix
   rows: 1
   cols: 8
   dt: d
   data: [ -2.2681432313725963e-01, 4.8144667726263490e-01, 0., 0., 0.,
       0., 0., 2.1968653107084664e+00 ]
M2: !!opencv-matrix
   rows: 3
   cols: 3
   dt: d
   data: [ 1.6449272178686028e+03, 0., 6.7894356881861336e+02, 0.,
       1.6449272178686028e+03, 4.8888252473457015e+02, 0., 0., 1. ]
D2: !!opencv-matrix
   rows: 1
   cols: 8
   dt: d
   data: [ -2.0683829297423378e-01, 1.3933264810095503e-01, 0., 0., 0.,
       0., 0., -2.1686019785075693e-02 ]
