%YAML:1.0
R: !!opencv-matrix
   rows: 3
   cols: 3
   dt: d
   data: [ 9.9981747688993783e-01, -1.1673191991177822e-02,
       1.5124466740217137e-02, 1.1658310973717041e-02,
       9.9993146527235277e-01, 1.0717012296895840e-03,
       -1.5135940363219632e-02, -8.9517988287903568e-04,
       9.9988504437375125e-01 ]
T: !!opencv-matrix
   rows: 3
   cols: 1
   dt: d
   data: [ -3.2627221290344628e+00, -3.3298384155908252e-02,
       -3.5368789043616240e-02 ]
R1: !!opencv-matrix
   rows: 3
   cols: 3
   dt: d
   data: [ 9.9966159020502188e-01, -1.4777252421905051e-03,
       2.5971549758829253e-02, 1.4667765220701828e-03,
       9.9999882721346545e-01, 4.4061131170184276e-04,
       -2.5972170402202711e-02, -4.0236774509014165e-04,
       9.9966258530806118e-01 ]
R2: !!opencv-matrix
   rows: 3
   cols: 3
   dt: d
   data: [ 9.9988918447354946e-01, 1.0204575462205620e-02,
       1.0839068800233272e-02, -1.0200005488423635e-02,
       9.9994786490670273e-01, -4.7681921403539701e-04,
       -1.0843369442021574e-02, 3.6620781381140608e-04,
       9.9994114188335159e-01 ]
P1: !!opencv-matrix
   rows: 3
   cols: 4
   dt: d
   data: [ 1.5111952614514469e+03, 0., 6.5232218170166016e+02, 0., 0.,
       1.5111952614514469e+03, 4.9286939620971680e+02, 0., 0., 0., 1.,
       0. ]
P2: !!opencv-matrix
   rows: 3
   cols: 4
   dt: d
   data: [ 1.5111952614514469e+03, 0., 6.5232218170166016e+02,
       -4.9311566695520014e+03, 0., 1.5111952614514469e+03,
       4.9286939620971680e+02, 0., 0., 0., 1., 0. ]
Q: !!opencv-matrix
   rows: 4
   cols: 4
   dt: d
   data: [ 1., 0., 0., -6.5232218170166016e+02, 0., 1., 0.,
       -4.9286939620971680e+02, 0., 0., 0., 1.5111952614514469e+03, 0.,
       0., 3.0645857812275507e-01, 0. ]
