%YAML:1.0
R: !!opencv-matrix
   rows: 3
   cols: 3
   dt: d
   data: [ 9.9862001168054992e-01, 4.7685486485432610e-02,
       -2.2003787169165994e-02, -4.7433892698185445e-02,
       9.9880446485263186e-01, 1.1818071498547326e-02,
       2.2541031356957907e-02, -1.0758037418384965e-02,
       9.9968803460693134e-01 ]
T: !!opencv-matrix
   rows: 3
   cols: 1
   dt: d
   data: [ -4.1592439817734608e+00, 1.3387709293133757e-01,
       7.1202095053408743e-02 ]
R1: !!opencv-matrix
   rows: 3
   cols: 3
   dt: d
   data: [ 9.9909718822932703e-01, 1.5709855209152981e-02,
       -3.9471621724476977e-02, -1.5501868530608203e-02,
       9.9986432528747382e-01, 5.5698374737913848e-03,
       3.9553767763798341e-02, -4.9529250682965702e-03,
       9.9920516811561544e-01 ]
R2: !!opencv-matrix
   rows: 3
   cols: 3
   dt: d
   data: [ 9.9933610303148657e-01, -3.2166473744140209e-02,
       -1.7107634106143133e-02, 3.2075983119313985e-02,
       9.9947009104999596e-01, -5.5379060521358707e-03,
       1.7276703527340436e-02, 4.9854852702958955e-03,
       9.9983831715525284e-01 ]
P1: !!opencv-matrix
   rows: 3
   cols: 4
   dt: d
   data: [ 1.4559855905261363e+03, 0., 7.2891104125976562e+02, 0., 0.,
       1.4559855905261363e+03, 4.8043493270874023e+02, 0., 0., 0., 1.,
       0. ]
P2: !!opencv-matrix
   rows: 3
   cols: 4
   dt: d
   data: [ 1.4559855905261363e+03, 0., 7.2891104125976562e+02,
       -6.0598224026675716e+03, 0., 1.4559855905261363e+03,
       4.8043493270874023e+02, 0., 0., 0., 1., 0. ]
Q: !!opencv-matrix
   rows: 4
   cols: 4
   dt: d
   data: [ 1., 0., 0., -7.2891104125976562e+02, 0., 1., 0.,
       -4.8043493270874023e+02, 0., 0., 0., 1.4559855905261363e+03, 0.,
       0., 2.4026869003375448e-01, 0. ]
