%YAML:1.0
R: !!opencv-matrix
   rows: 3
   cols: 3
   dt: d
   data: [ -9.9941362083065088e-01, -8.0965491528114039e-03,
       -3.3269511417873113e-02, 4.2842443016035073e-03,
       -9.9357434032982361e-01, 1.1310028951740138e-01,
       -3.3971454913383659e-02, 1.1289143514887186e-01,
       9.9302641662802504e-01 ]
T: !!opencv-matrix
   rows: 3
   cols: 1
   dt: d
   data: [ 1.8599179157529044e+00, -4.8841422143836803e+00,
       3.8355414857507597e-01 ]
R1: !!opencv-matrix
   rows: 3
   cols: 3
   dt: d
   data: [ 3.6119391829487435e-01, -9.3142647534269796e-01,
       4.4538459980941983e-02, 9.2987511868376460e-01,
       3.6334461520353600e-01, 5.7558268349986084e-02,
       -6.9794104619590167e-02, 2.0625509285171199e-02,
       9.9734816956120032e-01 ]
R2: !!opencv-matrix
   rows: 3
   cols: 3
   dt: d
   data: [ -3.5492255426813191e-01, 9.3202620150908133e-01,
       -7.3192487130432138e-02, -9.3418663228653531e-01,
       -3.5051621737033217e-01, 6.6586165361399538e-02,
       3.6404897045954995e-02, 9.2008374950042104e-02,
       9.9509252957206229e-01 ]
P1: !!opencv-matrix
   rows: 3
   cols: 4
   dt: d
   data: [ 3.8465190155697621e+02, 0., 4.1009432601928711e+02, 0., 0.,
       3.8465190155697621e+02, 2.4442731285095215e+02, 0., 0., 0., 1.,
       0. ]
P2: !!opencv-matrix
   rows: 3
   cols: 4
   dt: d
   data: [ 3.8465190155697621e+02, 0., 4.1009432601928711e+02,
       -2.0157100596480157e+03, 0., 3.8465190155697621e+02,
       2.4442731285095215e+02, 0., 0., 0., 1., 0. ]
Q: !!opencv-matrix
   rows: 4
   cols: 4
   dt: d
   data: [ 1., 0., 0., -4.1009432601928711e+02, 0., 1., 0.,
       -2.4442731285095215e+02, 0., 0., 0., 3.8465190155697621e+02, 0.,
       0., 1.9082699901003833e-01, 0. ]
