%YAML:1.0
M1: !!opencv-matrix
   rows: 3
   cols: 3
   dt: d
   data: [ 6.7805059794668648e+02, 0., 3.7711304559997524e+02, 0.,
       6.7805059794668648e+02, 3.0425430533261135e+02, 0., 0., 1. ]
D1: !!opencv-matrix
   rows: 1
   cols: 8
   dt: d
   data: [ -4.3864900525245470e-02, 2.8029148368887102e-02, 0., 0., 0.,
       0., 0., -2.1626749093971116e-02 ]
M2: !!opencv-matrix
   rows: 3
   cols: 3
   dt: d
   data: [ 6.7805059794668648e+02, 0., 3.7744860537706603e+02, 0.,
       6.7805059794668648e+02, 3.0749582449224869e+02, 0., 0., 1. ]
D2: !!opencv-matrix
   rows: 1
   cols: 8
   dt: d
   data: [ -6.0118833840497446e-02, 8.8151328316891833e-02, 0., 0., 0.,
       0., 0., 1.1795398068600825e-02 ]
