%YAML:1.0
M1: !!opencv-matrix
   rows: 3
   cols: 3
   dt: d
   data: [ 1.6378952869309223e+03, 0., 6.8177079885250566e+02, 0.,
       1.6378952869309223e+03, 4.7917789565573139e+02, 0., 0., 1. ]
D1: !!opencv-matrix
   rows: 1
   cols: 8
   dt: d
   data: [ -1.8769237313762543e-01, -4.6628354671182431e-01, 0., 0., 0.,
       0., 0., -5.2447044005347614e+00 ]
M2: !!opencv-matrix
   rows: 3
   cols: 3
   dt: d
   data: [ 1.6378952869309223e+03, 0., 6.8118497109034388e+02, 0.,
       1.6378952869309223e+03, 4.8170974551391578e+02, 0., 0., 1. ]
D2: !!opencv-matrix
   rows: 1
   cols: 8
   dt: d
   data: [ -1.6635630647013736e-01, -1.8976626642719552e-01, 0., 0., 0.,
       0., 0., -8.5118458966364507e-01 ]
